//this.n, Math.log(this.n) / Math.log(2), this.keeper.maxBits
1000 9.97 10
1100 10.10 13
1200 10.23 13
1300 10.34 8
1400 10.45 8
1500 10.55 12
1600 10.64 12
1700 10.73 11
1800 10.81 10
1900 10.89 10
2000 10.97 12
2100 11.04 15
2200 11.10 10
2300 11.17 13
2400 11.23 11
2500 11.29 11
2600 11.34 9
2700 11.40 14
2800 11.45 11
2900 11.50 9
3000 11.55 17
3100 11.60 13
3200 11.64 12
3300 11.69 11
3400 11.73 12
3500 11.77 11
3600 11.81 10
3700 11.85 11
3800 11.89 11
3900 11.93 14
4000 11.97 13
4100 12.00 12
4200 12.04 10
4300 12.07 11
4400 12.10 13
4500 12.14 11
4600 12.17 15
4700 12.20 12
4800 12.23 11
4900 12.26 11
5000 12.29 17
5100 12.32 14
5200 12.34 13
5300 12.37 11
5400 12.40 11
5500 12.43 18
5600 12.45 17
5700 12.48 14
5800 12.50 11
5900 12.53 15
6000 12.55 11
6100 12.57 14
6200 12.60 13
6300 12.62 15
6400 12.64 11
6500 12.67 16
6600 12.69 18
6700 12.71 16
6800 12.73 14
6900 12.75 13
7000 12.77 12
7100 12.79 13
7200 12.81 11
7300 12.83 11
7400 12.85 12
7500 12.87 14
7600 12.89 12
7700 12.91 14
7800 12.93 12
7900 12.95 10
8000 12.97 13
8100 12.98 15
8200 13.00 14
8300 13.02 13
8400 13.04 14
8500 13.05 12
8600 13.07 18
8700 13.09 13
8800 13.10 12
8900 13.12 11
9000 13.14 15
9100 13.15 14
9200 13.17 13
9300 13.18 15
9400 13.20 14
9500 13.21 12
9600 13.23 17
9700 13.24 14
9800 13.26 13
9900 13.27 12
10000 13.29 12
10100 13.30 12
10200 13.32 14
10300 13.33 14
10400 13.34 13
10500 13.36 13
10600 13.37 17
10700 13.39 15
10800 13.40 14
10900 13.41 24
11000 13.43 15
11100 13.44 13
11200 13.45 17
11300 13.46 13
11400 13.48 15
11500 13.49 14
11600 13.50 17
11700 13.51 15
11800 13.53 11
11900 13.54 13
12000 13.55 11
12100 13.56 14
12200 13.57 16
12300 13.59 14
12400 13.60 16
12500 13.61 12
12600 13.62 11
12700 13.63 15
12800 13.64 13
12900 13.66 14
13000 13.67 13
13100 13.68 12
13200 13.69 13
13300 13.70 17
13400 13.71 13
13500 13.72 18
13600 13.73 15
13700 13.74 14
13800 13.75 11
13900 13.76 12
14000 13.77 13
14100 13.78 14
14200 13.79 13
14300 13.80 16
14400 13.81 11
14500 13.82 13
14600 13.83 13
14700 13.84 15
14800 13.85 11
14900 13.86 13
15000 13.87 13
15100 13.88 14
15200 13.89 14
15300 13.90 15
15400 13.91 12
15500 13.92 12
15600 13.93 11
15700 13.94 13
15800 13.95 14
15900 13.96 17
16000 13.97 13
16100 13.97 15
16200 13.98 14
16300 13.99 14
16400 14.00 15
16500 14.01 15
16600 14.02 15
16700 14.03 13
16800 14.04 15
16900 14.04 17
17000 14.05 14
17100 14.06 13
17200 14.07 13
17300 14.08 14
17400 14.09 15
17500 14.10 19
17600 14.10 15
17700 14.11 13
17800 14.12 13
17900 14.13 15
18000 14.14 13
18100 14.14 15
18200 14.15 12
18300 14.16 12
18400 14.17 14
18500 14.18 13
18600 14.18 17
18700 14.19 13
18800 14.20 14
18900 14.21 14
19000 14.21 18
19100 14.22 12
19200 14.23 14
19300 14.24 15
19400 14.24 14
19500 14.25 13
19600 14.26 17
19700 14.27 25
19800 14.27 15
19900 14.28 17
20000 14.29 16
20100 14.29 16
20200 14.30 14
20300 14.31 13
20400 14.32 12
20500 14.32 14
20600 14.33 17
20700 14.34 17
20800 14.34 14
20900 14.35 15
21000 14.36 13
21100 14.36 18
21200 14.37 13
21300 14.38 13
21400 14.39 15
21500 14.39 13
21600 14.40 20
21700 14.41 17
21800 14.41 20
21900 14.42 14
22000 14.43 15
22100 14.43 15
22200 14.44 13
22300 14.44 18
22400 14.45 15
22500 14.46 15
22600 14.46 14
22700 14.47 14
22800 14.48 16
22900 14.48 15
23000 14.49 14
23100 14.50 17
23200 14.50 17
23300 14.51 16
23400 14.51 18
23500 14.52 14
23600 14.53 16
23700 14.53 19
23800 14.54 13
23900 14.54 14
24000 14.55 15
24100 14.56 13
24200 14.56 14
24300 14.57 15
24400 14.57 17
24500 14.58 13
24600 14.59 16
24700 14.59 18
24800 14.60 15
24900 14.60 15
25000 14.61 15
25100 14.62 16
25200 14.62 15
25300 14.63 15
25400 14.63 13
25500 14.64 16
25600 14.64 16
25700 14.65 14
25800 14.66 16
25900 14.66 15
26000 14.67 13
26100 14.67 12
26200 14.68 13
26300 14.68 14
26400 14.69 13
26500 14.69 15
26600 14.70 14
26700 14.70 14
26800 14.71 13
26900 14.72 15
27000 14.72 14
27100 14.73 15
27200 14.73 14
27300 14.74 13
27400 14.74 17
27500 14.75 15
27600 14.75 16
27700 14.76 18
27800 14.76 12
27900 14.77 15
28000 14.77 15
28100 14.78 19
28200 14.78 14
28300 14.79 13
28400 14.79 13
28500 14.80 15
28600 14.80 14
28700 14.81 14
28800 14.81 15
28900 14.82 15
29000 14.82 16
29100 14.83 16
29200 14.83 17
29300 14.84 16
29400 14.84 15
29500 14.85 16
29600 14.85 15
29700 14.86 15
29800 14.86 13
29900 14.87 15
30000 14.87 18
30100 14.88 13
30200 14.88 15
30300 14.89 14
30400 14.89 18
30500 14.90 15
30600 14.90 18
30700 14.91 12
30800 14.91 17
30900 14.92 12
31000 14.92 13
31100 14.92 15
31200 14.93 16
31300 14.93 16
31400 14.94 14
31500 14.94 15
31600 14.95 15
31700 14.95 13
31800 14.96 16
31900 14.96 16
32000 14.97 15
32100 14.97 14
32200 14.97 15
32300 14.98 16
32400 14.98 15
32500 14.99 15
32600 14.99 13
32700 15.00 16
32800 15.00 13
32900 15.01 16
33000 15.01 15
33100 15.01 14
33200 15.02 16
33300 15.02 14
33400 15.03 16
33500 15.03 16
33600 15.04 15
33700 15.04 18
33800 15.04 13
33900 15.05 18
34000 15.05 14
34100 15.06 15
34200 15.06 14
34300 15.07 17
34400 15.07 14
34500 15.07 15
34600 15.08 15
34700 15.08 16
34800 15.09 15
34900 15.09 14
35000 15.10 17
35100 15.10 16
35200 15.10 16
35300 15.11 13
35400 15.11 24
35500 15.12 15
35600 15.12 14
35700 15.12 15
35800 15.13 15
35900 15.13 16
36000 15.14 18
36100 15.14 17
36200 15.14 15
36300 15.15 15
36400 15.15 13
36500 15.16 16
36600 15.16 18
36700 15.16 15
36800 15.17 18
36900 15.17 15
37000 15.18 16
37100 15.18 18
37200 15.18 15
37300 15.19 12
37400 15.19 17
37500 15.19 13
37600 15.20 19
37700 15.20 18
37800 15.21 16
37900 15.21 15
38000 15.21 20
38100 15.22 20
38200 15.22 14
38300 15.23 14
38400 15.23 18
38500 15.23 13
38600 15.24 15
38700 15.24 18
38800 15.24 14
38900 15.25 14
39000 15.25 16
39100 15.25 15
39200 15.26 16
39300 15.26 15
39400 15.27 13
39500 15.27 14
39600 15.27 15
39700 15.28 18
39800 15.28 13
39900 15.28 15
40000 15.29 22
40100 15.29 17
40200 15.29 22
40300 15.30 15
40400 15.30 18
40500 15.31 19
40600 15.31 14
40700 15.31 23
40800 15.32 15
40900 15.32 20
41000 15.32 15
41100 15.33 15
41200 15.33 17
41300 15.33 15
41400 15.34 17
41500 15.34 21
41600 15.34 15
41700 15.35 16
41800 15.35 17
41900 15.35 15
42000 15.36 18
42100 15.36 14
42200 15.36 17
42300 15.37 18
42400 15.37 15
42500 15.38 14
42600 15.38 15
42700 15.38 17
42800 15.39 14
42900 15.39 17
43000 15.39 14
43100 15.40 14
43200 15.40 15
43300 15.40 14
43400 15.41 13
43500 15.41 18
43600 15.41 14
43700 15.42 15
43800 15.42 17
43900 15.42 18
44000 15.43 15
44100 15.43 14
44200 15.43 14
44300 15.44 14
44400 15.44 15
44500 15.44 15
44600 15.44 15
44700 15.45 15
44800 15.45 21
44900 15.45 15
45000 15.46 18
45100 15.46 15
45200 15.46 14
45300 15.47 15
45400 15.47 14
45500 15.47 14
45600 15.48 14
45700 15.48 16
45800 15.48 13
45900 15.49 15
46000 15.49 16
46100 15.49 16
46200 15.50 14
46300 15.50 16
46400 15.50 19
46500 15.50 13
46600 15.51 15
46700 15.51 15
46800 15.51 14
46900 15.52 17
47000 15.52 16
47100 15.52 15
47200 15.53 18
47300 15.53 15
47400 15.53 14
47500 15.54 18
47600 15.54 14
47700 15.54 14
47800 15.54 17
47900 15.55 19
48000 15.55 17
48100 15.55 13
48200 15.56 16
48300 15.56 13
48400 15.56 19
48500 15.57 19
48600 15.57 14
48700 15.57 16
48800 15.57 15
48900 15.58 16
49000 15.58 22
49100 15.58 17
49200 15.59 14
49300 15.59 15
49400 15.59 19
49500 15.60 16
49600 15.60 17
49700 15.60 16
49800 15.60 15
49900 15.61 17
50000 15.61 14
50100 15.61 15
50200 15.62 18
50300 15.62 15
50400 15.62 17
50500 15.62 15
50600 15.63 15
50700 15.63 15
50800 15.63 14
50900 15.64 15
51000 15.64 13
51100 15.64 18
51200 15.64 19
51300 15.65 16
51400 15.65 15
51500 15.65 14
51600 15.66 16
51700 15.66 17
51800 15.66 15
51900 15.66 15
52000 15.67 17
52100 15.67 17
52200 15.67 14
52300 15.67 15
52400 15.68 15
52500 15.68 16
52600 15.68 16
52700 15.69 19
52800 15.69 15
52900 15.69 20
53000 15.69 21
53100 15.70 16
53200 15.70 16
53300 15.70 19
53400 15.70 15
53500 15.71 18
53600 15.71 15
53700 15.71 15
53800 15.72 15
53900 15.72 15
54000 15.72 17
54100 15.72 16
54200 15.73 17
54300 15.73 17
54400 15.73 13
54500 15.73 15
54600 15.74 15
54700 15.74 25
54800 15.74 17
54900 15.74 15
55000 15.75 19
55100 15.75 18
55200 15.75 16
55300 15.75 17
55400 15.76 17
55500 15.76 18
55600 15.76 14
55700 15.77 15
55800 15.77 21
55900 15.77 17
56000 15.77 15
56100 15.78 15
56200 15.78 14
56300 15.78 18
56400 15.78 18
56500 15.79 15
56600 15.79 14
56700 15.79 16
56800 15.79 16
56900 15.80 16
57000 15.80 15
57100 15.80 17
57200 15.80 15
57300 15.81 15
57400 15.81 18
57500 15.81 15
57600 15.81 14
57700 15.82 16
57800 15.82 14
57900 15.82 17
58000 15.82 14
58100 15.83 16
58200 15.83 18
58300 15.83 15
58400 15.83 14
58500 15.84 22
58600 15.84 21
58700 15.84 17
58800 15.84 16
58900 15.85 14
59000 15.85 16
59100 15.85 16
59200 15.85 15
59300 15.86 13
59400 15.86 17
59500 15.86 13
59600 15.86 17
59700 15.87 15
59800 15.87 14
59900 15.87 17
60000 15.87 20
60100 15.88 18
60200 15.88 15
60300 15.88 16
60400 15.88 16
60500 15.88 18
60600 15.89 17
60700 15.89 15
60800 15.89 15
60900 15.89 23
61000 15.90 16
61100 15.90 13
61200 15.90 15
61300 15.90 16
61400 15.91 15
61500 15.91 15
61600 15.91 14
61700 15.91 15
61800 15.92 17
61900 15.92 18
62000 15.92 20
62100 15.92 15
62200 15.92 15
62300 15.93 16
62400 15.93 16
62500 15.93 14
62600 15.93 18
62700 15.94 15
62800 15.94 21
62900 15.94 17
63000 15.94 18
63100 15.95 17
63200 15.95 15
63300 15.95 15
63400 15.95 23
63500 15.95 15
63600 15.96 18
63700 15.96 16
63800 15.96 16
63900 15.96 16
64000 15.97 16
64100 15.97 15
64200 15.97 15
64300 15.97 15
64400 15.97 15
64500 15.98 15
64600 15.98 16
64700 15.98 17
64800 15.98 18
64900 15.99 16
65000 15.99 15
65100 15.99 15
65200 15.99 18
65300 15.99 18
65400 16.00 14
65500 16.00 24
65600 16.00 21
65700 16.00 17
65800 16.01 15
65900 16.01 14
66000 16.01 17
66100 16.01 15
66200 16.01 16
66300 16.02 14
66400 16.02 17
66500 16.02 18
66600 16.02 17
66700 16.03 16
66800 16.03 16
66900 16.03 16
67000 16.03 16
67100 16.03 17
67200 16.04 15
67300 16.04 15
67400 16.04 15
67500 16.04 14
67600 16.04 15
67700 16.05 17
67800 16.05 15
67900 16.05 17
68000 16.05 16
68100 16.06 15
68200 16.06 16
68300 16.06 14
68400 16.06 14
68500 16.06 17
68600 16.07 16
68700 16.07 17
68800 16.07 17
68900 16.07 17
69000 16.07 18
69100 16.08 16
69200 16.08 16
69300 16.08 21
69400 16.08 14
69500 16.08 14
69600 16.09 17
69700 16.09 17
69800 16.09 19
69900 16.09 15
70000 16.10 16
70100 16.10 16
70200 16.10 15
70300 16.10 16
70400 16.10 16
70500 16.11 16
70600 16.11 17
70700 16.11 14
70800 16.11 19
70900 16.11 17
71000 16.12 18
71100 16.12 15
71200 16.12 16
71300 16.12 17
71400 16.12 14
71500 16.13 15
71600 16.13 16
71700 16.13 16
71800 16.13 17
71900 16.13 17
72000 16.14 17
72100 16.14 15
72200 16.14 18
72300 16.14 18
72400 16.14 16
72500 16.15 16
72600 16.15 20
72700 16.15 17
72800 16.15 16
72900 16.15 17
73000 16.16 15
73100 16.16 14
73200 16.16 17
73300 16.16 18
73400 16.16 19
73500 16.17 21
73600 16.17 15
73700 16.17 16
73800 16.17 16
73900 16.17 14
74000 16.18 16
74100 16.18 19
74200 16.18 14
74300 16.18 15
74400 16.18 14
74500 16.18 17
74600 16.19 16
74700 16.19 16
74800 16.19 15
74900 16.19 16
75000 16.19 18
75100 16.20 17
75200 16.20 16
75300 16.20 17
75400 16.20 16
75500 16.20 16
75600 16.21 16
75700 16.21 18
75800 16.21 17
75900 16.21 16
76000 16.21 15
76100 16.22 16
76200 16.22 15
76300 16.22 16
76400 16.22 17
76500 16.22 16
76600 16.23 14
76700 16.23 16
76800 16.23 25
76900 16.23 20
77000 16.23 19
77100 16.23 17
77200 16.24 15
77300 16.24 18
77400 16.24 16
77500 16.24 20
77600 16.24 16
77700 16.25 19
77800 16.25 15
77900 16.25 16
78000 16.25 16
78100 16.25 15
78200 16.25 16
78300 16.26 18
78400 16.26 16
78500 16.26 18
78600 16.26 21
78700 16.26 20
78800 16.27 14
78900 16.27 21
79000 16.27 15
79100 16.27 19
79200 16.27 19
79300 16.28 15
79400 16.28 18
79500 16.28 19
79600 16.28 15
79700 16.28 19
79800 16.28 17
79900 16.29 14
80000 16.29 17
80100 16.29 14
80200 16.29 17
80300 16.29 16
80400 16.29 18
80500 16.30 19
80600 16.30 15
80700 16.30 19
80800 16.30 17
80900 16.30 14
81000 16.31 19
81100 16.31 16
81200 16.31 18
81300 16.31 14
81400 16.31 17
81500 16.31 17
81600 16.32 16
81700 16.32 17
81800 16.32 17
81900 16.32 17
82000 16.32 14
82100 16.33 16
82200 16.33 15
82300 16.33 17
82400 16.33 17
82500 16.33 17
82600 16.33 18
82700 16.34 16
82800 16.34 15
82900 16.34 19
83000 16.34 16
83100 16.34 18
83200 16.34 15
83300 16.35 16
83400 16.35 19
83500 16.35 25
83600 16.35 16
83700 16.35 16
83800 16.35 16
83900 16.36 16
84000 16.36 19
84100 16.36 17
84200 16.36 16
84300 16.36 16
84400 16.36 16
84500 16.37 14
84600 16.37 14
84700 16.37 17
84800 16.37 16
84900 16.37 15
85000 16.38 20
85100 16.38 15
85200 16.38 19
85300 16.38 15
85400 16.38 20
85500 16.38 16
85600 16.39 15
85700 16.39 17
85800 16.39 16
85900 16.39 14
86000 16.39 20
86100 16.39 16
86200 16.40 16
86300 16.40 15
86400 16.40 17
86500 16.40 16
86600 16.40 19
86700 16.40 15
86800 16.41 14
86900 16.41 18
87000 16.41 16
87100 16.41 21
87200 16.41 15
87300 16.41 15
87400 16.42 16
87500 16.42 17
87600 16.42 19
87700 16.42 21
87800 16.42 15
87900 16.42 17
88000 16.43 17
88100 16.43 15
88200 16.43 20
88300 16.43 15
88400 16.43 17
88500 16.43 18
88600 16.44 17
88700 16.44 19
88800 16.44 16
88900 16.44 21
89000 16.44 18
89100 16.44 18
89200 16.44 14
89300 16.45 16
89400 16.45 15
89500 16.45 18
89600 16.45 17
89700 16.45 17
89800 16.45 19
89900 16.46 16
90000 16.46 16
90100 16.46 16
90200 16.46 20
90300 16.46 20
90400 16.46 16
90500 16.47 15
90600 16.47 15
90700 16.47 17
90800 16.47 16
90900 16.47 20
91000 16.47 22
91100 16.48 19
91200 16.48 15
91300 16.48 15
91400 16.48 15
91500 16.48 15
91600 16.48 19
91700 16.48 17
91800 16.49 21
91900 16.49 19
92000 16.49 14
92100 16.49 17
92200 16.49 17
92300 16.49 16
92400 16.50 15
92500 16.50 18
92600 16.50 14
92700 16.50 21
92800 16.50 17
92900 16.50 15
93000 16.50 16
93100 16.51 16
93200 16.51 16
93300 16.51 16
93400 16.51 18
93500 16.51 15
93600 16.51 17
93700 16.52 18
93800 16.52 17
93900 16.52 16
94000 16.52 15
94100 16.52 15
94200 16.52 16
94300 16.52 18
94400 16.53 20
94500 16.53 17
94600 16.53 16
94700 16.53 16
94800 16.53 23
94900 16.53 17
95000 16.54 19
95100 16.54 15
95200 16.54 17
95300 16.54 17
95400 16.54 18
95500 16.54 15
95600 16.54 18
95700 16.55 16
95800 16.55 15
95900 16.55 15
96000 16.55 16
96100 16.55 18
96200 16.55 14
96300 16.56 20
96400 16.56 16
96500 16.56 17
96600 16.56 15
96700 16.56 19
96800 16.56 16
96900 16.56 18
97000 16.57 16
97100 16.57 15
97200 16.57 15
97300 16.57 17
97400 16.57 15
97500 16.57 17
97600 16.57 17
97700 16.58 19
97800 16.58 16
97900 16.58 18
98000 16.58 16
98100 16.58 15
98200 16.58 17
98300 16.58 21
98400 16.59 16
98500 16.59 18
98600 16.59 16
98700 16.59 18
98800 16.59 18
98900 16.59 17
99000 16.60 16
99100 16.60 22
99200 16.60 15
99300 16.60 15
99400 16.60 17
99500 16.60 14
99600 16.60 16
99700 16.61 16
99800 16.61 17
99900 16.61 17